45 1.51786 12.73 3.43 1.19 72.95 0.62 8.76 0 0.3
56 1.51769 12.45 2.71 1.29 73.7 0.56 9.06 0 0.24
57 1.51215 12.99 3.47 1.12 72.98 0.62 8.35 0 0.31
58 1.51824 12.87 3.48 1.29 72.95 0.6 8.43 0 0
59 1.51754 13.48 3.74 1.17 72.99 0.59 8.03 0 0
60 1.51754 13.39 3.66 1.19 72.79 0.57 8.27 0 0.11
147 1.51769 13.65 3.66 1.11 72.77 0.11 8.6 0 0
154 1.5161 13.42 3.4 1.22 72.69 0.59 8.32 0 0
155 1.51694 12.86 3.58 1.31 72.61 0.61 8.79 0 0
156 1.51646 13.04 3.4 1.26 73.01 0.52 8.58 0 0
157 1.51655 13.41 3.39 1.28 72.64 0.52 8.65 0 0
159 1.51776 13.53 3.41 1.52 72.04 0.58 8.79 0 0
160 1.51796 13.5 3.36 1.63 71.94 0.57 8.81 0 0.09
161 1.51832 13.33 3.34 1.54 72.14 0.56 8.99 0 0
163 1.52211 14.19 3.78 0.91 71.36 0.23 9.14 0 0.37
164 1.51514 14.01 2.68 3.5 69.89 1.68 5.87 2.2 0
165 1.51915 12.73 1.85 1.86 72.69 0.6 10.09 0 0
171 1.52369 13.44 0 1.58 72.22 0.32 12.24 0 0
175 1.52058 12.85 1.61 2.17 72.18 0.76 9.7 0.24 0.51
176 1.52119 12.97 0.33 1.51 73.39 0.13 11.27 0 0.28
