71 1.51574 14.86 3.67 1.74 71.87 0.16 7.36 0 0.12
72 1.51848 13.64 3.87 1.27 71.96 0.54 8.32 0 0.32
73 1.51593 13.09 3.59 1.52 73.1 0.67 7.83 0 0
74 1.51631 13.34 3.57 1.57 72.87 0.61 7.89 0 0
75 1.51596 13.02 3.56 1.54 73.11 0.72 7.9 0 0
76 1.5159 13.02 3.58 1.51 73.12 0.69 7.96 0 0
77 1.51645 13.44 3.61 1.54 72.39 0.66 8.03 0 0
78 1.51627 13 3.58 1.54 72.83 0.61 8.04 0 0
79 1.51613 13.92 3.52 1.25 72.88 0.37 7.94 0 0.14
80 1.5159 12.82 3.52 1.9 72.86 0.69 7.97 0 0
81 1.51592 12.86 3.52 2.12 72.66 0.69 7.97 0 0
82 1.51593 13.25 3.45 1.43 73.17 0.61 7.86 0 0
83 1.51646 13.41 3.55 1.25 72.81 0.68 8.1 0 0
84 1.51594 13.09 3.52 1.55 72.87 0.68 8.05 0 0.09
85 1.51409 14.25 3.09 2.08 72.28 1.1 7.08 0 0
86 1.51625 13.36 3.58 1.49 72.72 0.45 8.21 0 0
87 1.51569 13.24 3.49 1.47 73.25 0.38 8.03 0 0
88 1.51645 13.4 3.49 1.52 72.65 0.67 8.08 0 0.1
89 1.51618 13.01 3.5 1.48 72.89 0.6 8.12 0 0
90 1.5164 12.55 3.48 1.87 73.23 0.63 8.08 0 0.09
91 1.51841 12.93 3.74 1.11 72.28 0.64 8.96 0 0.22
92 1.51605 12.9 3.44 1.45 73.06 0.44 8.27 0 0
93 1.51588 13.12 3.41 1.58 73.26 0.07 8.39 0 0.19
94 1.5159 13.24 3.34 1.47 73.1 0.39 8.22 0 0
95 1.51629 12.71 3.33 1.49 73.28 0.67 8.24 0 0
96 1.5186 13.36 3.43 1.43 72.26 0.51 8.6 0 0
97 1.51841 13.02 3.62 1.06 72.34 0.64 9.13 0 0.15
98 1.51743 12.2 3.25 1.16 73.55 0.62 8.9 0 0.24
99 1.51689 12.67 2.88 1.71 73.21 0.73 8.54 0 0
100 1.51811 12.96 2.96 1.43 72.92 0.6 8.79 0.14 0
101 1.51655 12.75 2.85 1.44 73.27 0.57 8.79 0.11 0.22
102 1.5173 12.35 2.72 1.63 72.87 0.7 9.23 0 0
103 1.5182 12.62 2.76 0.83 73.81 0.35 9.42 0 0.2
104 1.52725 13.8 3.15 0.66 70.57 0.08 11.64 0 0
105 1.5241 13.83 2.9 1.17 71.15 0.08 10.79 0 0
106 1.52475 11.45 0 1.88 72.19 0.81 13.24 0 0.34
107 1.53125 10.73 0 2.1 69.81 0.58 13.3 3.15 0.28
108 1.53393 12.3 0 1 70.16 0.12 16.19 0 0.24
109 1.52222 14.43 0 1 72.67 0.1 11.52 0 0.08
110 1.51818 13.72 0 0.56 74.45 0 10.99 0 0
111 1.52664 11.23 0 0.77 73.21 0 14.68 0 0
112 1.52739 11.02 0 0.75 73.08 0 14.96 0 0
113 1.52777 12.64 0 0.67 72.02 0.06 14.4 0 0
114 1.51892 13.46 3.83 1.26 72.55 0.57 8.21 0 0.14
115 1.51847 13.1 3.97 1.19 72.44 0.6 8.43 0 0
116 1.51846 13.41 3.89 1.33 72.38 0.51 8.28 0 0
117 1.51829 13.24 3.9 1.41 72.33 0.55 8.31 0 0.1
118 1.51708 13.72 3.68 1.81 72.06 0.64 7.88 0 0
119 1.51673 13.3 3.64 1.53 72.53 0.65 8.03 0 0.29
120 1.51652 13.56 3.57 1.47 72.45 0.64 7.96 0 0
121 1.51844 13.25 3.76 1.32 72.4 0.58 8.42 0 0
122 1.51663 12.93 3.54 1.62 72.96 0.64 8.03 0 0.21
123 1.51687 13.23 3.54 1.48 72.84 0.56 8.1 0 0
124 1.51707 13.48 3.48 1.71 72.52 0.62 7.99 0 0
125 1.52177 13.2 3.68 1.15 72.75 0.54 8.52 0 0
126 1.51872 12.93 3.66 1.56 72.51 0.58 8.55 0 0.12
127 1.51667 12.94 3.61 1.26 72.75 0.56 8.6 0 0
128 1.52081 13.78 2.28 1.43 71.99 0.49 9.85 0 0.17
129 1.52068 13.55 2.09 1.67 72.18 0.53 9.57 0.27 0.17
130 1.5202 13.98 1.35 1.63 71.76 0.39 10.56 0 0.18
131 1.52177 13.75 1.01 1.36 72.19 0.33 11.14 0 0
132 1.52614 13.7 0 1.36 71.24 0.19 13.44 0 0.1
133 1.51813 13.43 3.98 1.18 72.49 0.58 8.15 0 0
134 1.518 13.71 3.93 1.54 71.81 0.54 8.21 0 0.15
135 1.51811 13.33 3.85 1.25 72.78 0.52 8.12 0 0
136 1.51789 13.19 3.9 1.3 72.33 0.55 8.44 0 0.28
137 1.51806 13 3.8 1.08 73.07 0.56 8.38 0 0.12
138 1.51711 12.89 3.62 1.57 72.96 0.61 8.11 0 0
139 1.51674 12.79 3.52 1.54 73.36 0.66 7.9 0 0
140 1.51674 12.87 3.56 1.64 73.14 0.65 7.99 0 0
141 1.5169 13.33 3.54 1.61 72.54 0.68 8.11 0 0
142 1.51851 13.2 3.63 1.07 72.83 0.57 8.41 0.09 0.17
143 1.51662 12.85 3.51 1.44 73.01 0.68 8.23 0.06 0.25
144 1.51709 13 3.47 1.79 72.72 0.66 8.18 0 0
145 1.5166 12.99 3.18 1.23 72.97 0.58 8.81 0 0.24
146 1.51839 12.85 3.67 1.24 72.57 0.62 8.68 0 0.35
177 1.51905 14 2.39 1.56 72.37 0 9.57 0 0
178 1.51937 13.79 2.41 1.19 72.76 0 9.77 0 0
179 1.51829 14.46 2.24 1.62 72.38 0 9.26 0 0
180 1.51852 14.09 2.19 1.66 72.67 0 9.32 0 0
181 1.51299 14.4 1.74 1.54 74.55 0 7.59 0 0
182 1.51888 14.99 0.78 1.74 72.5 0 9.95 0 0
183 1.51916 14.15 0 2.09 72.74 0 10.88 0 0
184 1.51969 14.56 0 0.56 73.48 0 11.22 0 0
185 1.51115 17.38 0 0.34 75.41 0 6.65 0 0
186 1.51131 13.69 3.2 1.81 72.81 1.76 5.43 1.19 0
187 1.51838 14.32 3.26 2.22 71.25 1.46 5.79 1.63 0
188 1.52315 13.44 3.34 1.23 72.38 0.6 8.83 0 0
189 1.52247 14.86 2.2 2.06 70.26 0.76 9.76 0 0
190 1.52365 15.79 1.83 1.31 70.43 0.31 8.61 1.68 0
191 1.51613 13.88 1.78 1.79 73.1 0 8.67 0.76 0
192 1.51602 14.85 0 2.38 73.28 0 8.76 0.64 0.09
193 1.51623 14.2 0 2.79 73.46 0.04 9.04 0.4 0.09
194 1.51719 14.75 0 2 73.02 0 8.53 1.59 0.08
195 1.51683 14.56 0 1.98 73.29 0 8.52 1.57 0.07
196 1.51545 14.14 0 2.68 73.39 0.08 9.07 0.61 0.05
197 1.51556 13.87 0 2.54 73.23 0.14 9.41 0.81 0.01
198 1.51727 14.7 0 2.34 73.28 0 8.95 0.66 0
199 1.51531 14.38 0 2.66 73.1 0.04 9.08 0.64 0
200 1.51609 15.01 0 2.51 73.05 0.05 8.83 0.53 0
201 1.51508 15.15 0 2.25 73.5 0 8.34 0.63 0
202 1.51653 11.95 0 1.19 75.18 2.7 8.93 0 0
203 1.51514 14.85 0 2.42 73.72 0 8.39 0.56 0
204 1.51658 14.8 0 1.99 73.11 0 8.28 1.71 0
205 1.51617 14.95 0 2.27 73.3 0 8.71 0.67 0
206 1.51732 14.95 0 1.8 72.99 0 8.61 1.55 0
207 1.51645 14.94 0 1.87 73.11 0 8.67 1.38 0
208 1.51831 14.39 0 1.82 72.86 1.41 6.47 2.88 0
209 1.5164 14.37 0 2.74 72.85 0 9.45 0.54 0
210 1.51623 14.14 0 2.88 72.61 0.08 9.18 1.06 0
211 1.51685 14.92 0 1.99 73.06 0 8.4 1.59 0
212 1.52065 14.36 0 2.02 73.42 0 8.44 1.64 0
213 1.51651 14.38 0 1.94 73.61 0 8.48 1.57 0
214 1.51711 14.23 0 2.08 73.36 0 8.62 1.67 0
